17.027059234282287 2.957590322005321e-42
17.312618571455907 2.5504704651394703e-42
17.602966999565623 2.172425645893885e-42
17.898184836041125 1.8053201258366623e-42
18.299524598462003 1.518841959567638e-42
18.918471074905145 1.262106751011206e-42
19.02364530581574 1.061891762557467e-42
19.667083782470396 8.93349533666857e-43
20.108088432108044 7.154003335566589e-43
20.903774852301336 5.728633815302776e-43
21.610805120742317 4.4206751915144665e-43
22.465954739865804 3.49649466901982e-43
23.61534102393117 2.799739308199084e-43
24.414084840368545 2.241961335377758e-43
25.380161543010747 1.840116680566384e-43
26.531146594675022 1.5102679498291557e-43
27.73432857924334 1.2243483213794193e-43
29.315324308852425 1.0173118289671712e-43
30.81513288870911 8.453018089244576e-44
32.39167354741008 7.023757394980905e-44
34.619902680051844 5.981591173074952e-44
36.79684588914102 5.157392814058855e-44
39.110678036925286 4.446760045760925e-44
42.26717386124648 3.833817006842681e-44
45.932362125698994 3.305296810479351e-44
50.19287294354273 2.9207626710164697e-44
55.4601114988488 2.6128984706473066e-44
62.30781706018479 2.33734596947459e-44
70.00101445677828 2.169683798863572e-44
78.6440972606199 2.0643589350634038e-44
88.84554055193942 2.0131711430545104e-44
101.48936746066286 1.9875434979507874e-44
114.02034309693214 2.0113780513112498e-44
128.8106719922526 2.0607240108102994e-44
144.7150315602836 2.11132240228266e-44
161.68425756573728 2.2172425268798098e-44
182.6573864095964 2.328384203465148e-44
207.49825378394507 2.5061254602477716e-44
235.71740606666495 2.664362503960343e-44
267.77428007009087 2.9033482887112495e-44
304.1907946618789 3.16377042276827e-44
343.6493840484525 3.447619954173999e-44
390.3846896401008 3.803495176095906e-44
443.47585934828913 4.1961050657774866e-44
501.0020308957646 4.686796508019895e-44
562.8611635316008 5.10739117193259e-44
635.8735883754541 5.634705278935883e-44
706.5081482042693 6.216831387127965e-44
798.153968549517 6.858689976168244e-44
911.7412185359269 7.851796522732461e-44
1018.6516246562413 8.556588764942149e-44
1138.098301710061 9.557572549483503e-44
1292.876323707785 1.0807528941351812e-43
1485.0791429211213 1.2220472878282664e-43
1659.2189219095721 1.3482713153796544e-43
1864.0840462660171 1.5435864523699957e-43
2129.366421474505 1.7240247746503407e-43
2486.9447187136757 1.973499257352562e-43
2809.542680929816 2.259342286644415e-43
3245.1588108075475 2.618486595887933e-43
3706.9853250058904 2.9245759163468943e-43
4187.842781471825 3.307122659138463e-43
4653.039696250554 3.694076169035309e-43
5227.5543328789545 4.126142185680186e-43
5873.0047640088 4.552237093068387e-43
6489.317704757952 5.022631964691303e-43
7290.5590967279095 5.610088337206793e-43
8145.447104453347 6.3441625648676394e-43
8950.471353183246 6.914037422647121e-43
9835.057108204031 7.535102228699427e-43
